1798100301
1798101001
1798101701
1798102401
1798103101
1798110701
1798111401
1798112101
1798112801
1798120501
1798121201
1798121901
1798122601
1799010201
1799010901
1799011601
1799012301
1799013001
1799020601
1799021301
1799022001
1799022701
1799030601
1799031301
1799032001
1799032701
1799040301
1799041001
1799041701
1799042401
1799050101
1799050801
1799051501
1799052201
1799052901
1799060501
1799061201
1799061901
1799062601
1799070301
1799071001
1799071701
1799072401
1799073101
1799080701
1799081401
1799082101
1799082801
1799090401
1799091101
1799091801
1799092501
1799100201
1799100901
1799101601
1799102301
1799103001
1799110601
1799111301
1799112001
1799112701
1799120401
1799121101
1799121801
1799122501
1800010101
1800010801
1800011501
1800012201
1800012901
1800020501
1800021201
1800021901
1800022601
1800030501
1800031201
1800031901
1800032601
1800040201
1800040901
1800041601
1800042301
1800043001
1800050701
1800051401
1800052101
1800052801
1800060401
1800061101
1800061801
1800062501
1800070201
1800070901
1800071601
1800072301
1800073001
1800080601
1800081301
1800082001
1800082701
1800090301
1800091001
1800091701
1800092401
1800100101
1800100801
1800101501
1800102201
1800102901
1800110501
1800111201
1800111901
1800112601
1800120301
1800121001
1800121701
1800122401
1800123101
1801010701
1801011401
1801012101
1801012801
1801020401
1801021101
1801021801
1801022501
1801030401
1801031101
1801031801
1801032501
1801040101
1801040801
1801041501
1801042201
1801042901
1801050601
1801051301
1801052001
1801052701
1801060301
1801061001
1801061701
1801062401
1801070101
1801070801
1801071501
1801072201
1801072901
1801080501
1801081201
1801081901
1801082601
1801090201
1801090901
1801091601
1801092301
1801093001
1801100701
1801101401
1801102101
1801102801
1801110401
1801111101
1801111801
1801112501
1801120201
1801120901
1801121601
1801122301
1801123001
1802010601
1802011301
1802012001
1802012701
1802020301
1802021001
1802021701
1802022401
1802030301
1802031001
1802031701
1802032401
1802033101
1802040701
1802041401
1802042101
1802042801
1802050501
1802051201
1802051901
1802052601
1802060201
1802060901
1802061601
1802062301
1802063001
1802070701
1802071401
1802072101
1802072801
1802080401
1802081101
1802081801
1802082501
1802090101
1802090801
1802091501
1802092201
1802100101
1802100601
1802101301
1802102001
1802102701
1802110301
1802111001
1802111701
1802112401
1802120101
1802120801
1802121501
1802122201
1802122901
1803010501
1803011201
1803011901
1803012601
1803020201
1803020901
1803021601
1803022301
1803030201
1803030901
1803031601
1803032301
1803033001
1803040601
1803041301
1803042001
1803042701
1803050401
1803051101
1803051801
1803052501
1803060101
1803060801
1803061501
1803062201
1803062901
1803070601
1803071301
1803072001
1803072701
1803080301
1803081001
1803081701
1803082401
1803083101
1803090701
1803091401
1803092101
1803100501
1803101201
1803101901
1803102601
1803110201
1803110901
1803111601
1803112301
1803113001
1803120701
1803121401
1803122101
1803122801
1804010401
1804011101
1804011801
1804012501
1804020101
1804020801
1804021501
1804022201
1804022901
1804030701
1804031401
1804032101
1804032801
1804040401
1804041101
1804041801
1804042501
1804050201
1804050901
1804051601
1804052301
1804053001
1804060601
1804061301
1804062001
1804062701
1804070401
1804071101
1804071801
1804072501
1804080101
1804080801
1804081501
1804082201
1804082901
1804090501
1804091201
1804091901
1804092601
1804100301
1804101001
1804101701
1804102401
1804103101
1804110701
1804111401
1804112101
1804112801
1804120501
1804121201
1804121901
1804122601
1805010201
1805010901
1805011601
1805012301
1805013001
1805020601
1805021301
1805022001
1805022701
1805030601
1805031301
1805032001
1805032701
1805040301
1805041001
1805041701
1805042401
1805050101
1805050801
1805051501
1805052201
1805052901
1805060501
1805061201
1805061901
1805062601
1805070301
1805071001
1805071701
1805072401
1805073101
1805080701
1805081401
1805082101
1805082801
1805090401
1805091101
1805091801
1805092501
1805100201
1805100901
1805101601
1805102301
1805103001
1805110601
1805111301
1805112001
1805112701
1805120401
1805121101
1805121801
1805122501
1806010101
1806010801
1806011501
1806012201
1806012901
1806020501
1806021201
1806021901
1806022601
1806030501
1806031201
1806031901
1806032601
1806040201
1806040901
1806041601
1806042301
1806043001
1806050701
1806051401
1806052101
1806052801
1806060401
1806061101
1806061801
1806062501
1806070201
1806070901
1806071601
1806072301
1806073001
1806080601
1806081301
1806082001
1806082701
1806090301
1806091001
1806091701
1806092401
1806100101
1806100801
1806101501
1806102201
1806102901
1806110501
1806111201
1806111901
1806112601
1806120301
1806121001
1806121701
1806122401
1806123101
1807010701
1807011401
1807012101
1807012801
1807020401
1807021101
1807021801
1807022501
1807030401
1807031101
1807031801
1807032501
1807040101
1807040801
1807041501
1807042201
1807042901
1807050601
1807051301
1807052001
1807052701
1807060301
1807061001
1807061701
1807062401
1807070101
1807070801
1807071501
1807072201
1807072901
1807080501
1807081201
1807081901
1807082601
1807090201
1807090901
1807091601
1807092301
1807093001
1807100701
1807101401
1807102101
1807102801
1807110401
1807111101
1807111801
1807112501
1807120201
1807120901
1807121601
1807122301
1807123001
1808010601
1808011301
1808012001
1808012701
1808020301
1808021001
1808021701
1808022401
1808030201
1808030901
1808031601
1808032301
1808033001
1808040601
1808041301
1808042001
1808042701
1808050401
1808051101
1808051801
1808052501
1808060101
1808060801
1808061501
1808062201
1808062901
1808070601
1808071301
1808072001
1808072701
1808080301
1808081001
1808081701
1808082401
1808083101
1808090701
1808091401
1808092101
1808100501
1808101201
1808101901
1808102601
1808110201
1808110901
1808111601
1808112301
1808113001
1808120701
1808121401
1808122101
1808122801
1809010401
1809011101
1809011801
1809012501
1809020101
1809020801
1809021501
1809022201
1809030101
1809030801
1809031501
1809032201
1809032901
1809040501
1809041201
1809041901
1809042601
1809050301
1809051001
1809051701
1809052401
1809053101
1809060701
1809061401
1809062101
1809062801
1809070501
1809071201
1809071901
1809072601
1809080201
1809080901
1809081601
1809082301
1809083001
1809090601
1809091301
1809092001
1809092701
1809100401
1809101101
1809101801
1809102501
1809110101
1809110801
1809111501
1809112201
1809112901
1809120601
1809121301
1809122001
1809122701
1810010301
1810011001
1810011701
1810012401
1810013101
1810020701
1810021401
1810022101
1810022801
1810030701
1810031401
1810032101
1810032801
1810040401
1810041101
1810041801
1810042501
1810050201
1810050901
1810051601
1810052301
1810053001
1810060601
1810061301
1810062001
1810062701
1810070401
1810071101
1810071801
1810072501
1810080101
1810080801
1810081501
1810082201
1810082901
1810090501
1810091201
1810091901
1810092601
1810100301
1810101001
1810101701
1810102401
1810103101
1810110701
1810111401
1810112101
1810112801
1810120501
1810121201
1810121901
1810122601
1811010201
1811010901
1811011601
1811012301
1811013001
1811020601
1811021301
1811022001
1811022701
1811030601
1811031301
1811032001
1811032701
1811040301
1811041001
1811041701
1811042401
1811050101
1811050801
1811051501
1811052201
1811052901
1811060501
1811061201
1811061901
1811062601
1811070301
1811071001
1811071701
1811072401
1811073101
1811080701
1811081401
1811082101
1811082801
1811090401
1811091101
1811091801
1811092501
1811100201
1811100901
1811101601
1811102301
1811103001
1811110601
1811111301
1811112001
1811112701
1811120401
1811121101
1811121801
1811122501
1812010101
1812010801
1812011501
1812012201
1812012901
1812020501
1812021201
1812021901
1812022601
1812030401
1812031101
1812031801
1812032501
1812040101
1812040801
1812041501
1812042201
1812042901
1812050601
1812051301
1812052001
1812052701
1812060301
1812061001
1812061701
1812062401
1812070101
1812070801
1812071501
1812072201
1812072901
1812080501
1812081201
1812081901
1812082601
1812090201
1812090901
1812091601
1812092301
1812093001
1812100701
1812101401
1812102101
1812102801
1812110401
1812111101
1812111801
1812112501
1812120201
1812120901
1812121601
1812122301
1812123001
1813010601
1813011301
1813012001
1813012701
1813020301
1813021001
1813021701
1813022401
1813030301
1813031001
1813031701
1813032401
1813033101
1813040701
1813041401
1813042101
1813042801
1813050501
1813051201
1813051901
1813052601
1813060201
1813060901
1813061601
1813062301
1813063001
1813070701
1813071401
1813072101
1813072801
1813080401
1813081101
1813081801
1813082501
1813090101
1813090801
1813091501
1813092201
1813092901
1813100601
1813101301
1813102001
1813102701
1813110301
1813111001
1813111701
1813112401
1813120101
1813120801
1813121501
1813122201
1813122901
1814010501
1814011201
1814011901
1814012601
1814020201
1814020901
1814021601
1814022301
1814030201
1814030901
1814031601
1814032301
1814033001
1814040601
1814041301
1814042001
1814042701
1814050401
1814051101
1814051801
1814052501
1814060101
1814060801
1814061501
1814062201
1814062901
1814070601
1814071301
1814072001
1814072701
1814080301
1814081001
1814081701
1814082401
1814083101
1814090701
1814091401
1814092101
1814092801
1814100501
1814101201
1814101901
1814102601
1814110201
1814110901
1814111601
1814112301
1814113001
1814120701
1814121401
1814122101
1814122801
1815010401
1815011101
1815011801
1815012501
1815020101
1815020801
1815021501
1815022201
1815030101
1815030801
1815031501
1815032201
1815032901
1815040501
1815041201
1815041901
1815042601
1815050301
1815051001
1815051701
1815052401
1815053101
1815060701
1815061401
1815062101
1815062801
1815070501
1815071201
1815071901
1815072601
1815080201
1815080901
1815081601
1815082301
1815083001
1815090601
1815091301
1815092001
1815092701
1815100401
1815101101
1815101801
1815102501
1815110101
1815110801
1815111501
1815112201
1815112901
1815120601
1815121301
1815122001
1815122701
1816010301
1816011001
1816011701
1816012401
1816013101
1816020701
1816021401
1816022101
1816022801
1816030601
1816031301
1816032001
1816032701
1816040301
1816041001
1816041701
1816042401
1816050101
1816050801
1816051501
1816052201
1816052901
1816060501
1816061201
1816061901
1816062601
1816070301
1816071001
1816071701
1816072401
1816073101
1816080701
1816081401
1816082101
1816082801
1816090401
1816091101
1816091801
1816092501
1816100201
1816100901
1816101601
1816102301
1816103001
1816110601
1816111301
1816112001
1816112701
1816120401
1816121101
1816121801
1816122501
1817010101
1817010801
1817011501
1817012201
1817012901
1817020501
1817021201
1817021901
1817022601
1817030501
1817031201
1817031901
1817032601
1817040201
1817040901
1817041601
1817042301
1817043001
1817050701
1817051401
1817052101
1817052801
1817060401
1817061101
1817061801
1817062501
1817070201
1817070901
1817071601
1817072301
1817073001
1817080601
1817081301
1817082001
1817082701
1817090301
1817091001
1817091701
1817092401
1817100101
1817100801
1817101501
1817102201
1817102901
1817110501
1817111201
1817111901
1817112601
1817120301
1817121001
1817121701
1817122401
1818010701
1818011401
1818012101
1818012801
1818020401
1818021101
1818021801
1818022501
1818030401
1818031101
1818031801
1818032501
1818040101
1818040801
1818041501
1818042201
1818042901
1818050601
1818051301
1818052001
1818052701
1818060301
1818061001
1818061701
1818062401
1818070101
1818070801
1818071501
1818072201
1818072901
1818080501
1818081201
1818081901
1818082601
1818090201
1818090901
1818091601
1818092301
1818093001
1818100701
1818101401
1818102101
1818102801
1818110401
1818111101
1818111801
1818112501
1818120201
1818120901
1818121601
1818122301
1818123001
1819010601
1819011301
1819012001
1819012701
1819020301
1819021001
1819021701
1819022401
1819030301
1819031001
1819031701
1819032401
1819033101
1819040701
1819041401
1819042101
1819042801
1819050501
1819051201
1819051901
1819052601
1819060201
1819060901
1819061601
1819062301
1819063001
1819070701
1819071401
1819072101
1819072801
1819080401
1819081101
1819081801
1819082501
1819090101
1819090801
1819091501
1819092201
1819092901
1819100601
1819101301
1819102001
1819102701
1819110301
1819111001
1819111701
1819112401
1819120101
1819120801
1819121501
1819122201
1819122901
1820010501
1820011201
1820011901
1820012601
1820020201
1820020901
1820021601
1820022301
1820030101
1820030801
1820031501
1820032201
1820032901
1820040501
1820041201
1820041901
1820042601
1820050301
1820051001
1820051701
1820052401
1820053101
1820060701
1820061401
1820062101
1820062801
1820070501
1820071201
1820071901
1820072601
1820080201
1820080901
1820081601
1820082301
1820083001
1820090601
1820091301
1820092001
1820092701
1820100401
1820101101
1820101801
1820102501
1820110101
1820110801
1820111501
1820112201
1820112901
1820120601
1820121301
1820122001
1820122701
1821010301
1821011001
1821011701
1821012401
1821013101
1821020701
1821021401
1821022101
1821022801
1821030701
1821031401
1821032101
1821032801
1821040401
1821041101
1821041801
1821042501
1821050201
1821050901
1821051601
1821052301
1821053001
1821060601
1821061301
1821062001
1821062701
1821070401
1821071101
1821071801
1821072501
1821080101
1821080801
1821081501
1821082201
1821082901
1821090501
1821091201
1821091901
1821092601
1821100301
1821101001
1821101701
1821102401
1821103101
1821110701
1821111401
1821112101
1821112801
1821120501
1821121201
1821121901
1821122601
1822010201
1822010901
1822011601
1822012301
1822013001
1822020601
1822021301
1822022001
1822022701
1822030601
1822031301
1822032001
1822032701
1822040301
1822041001
1822041701
1822042401
1822050101
1822050801
1822051501
1822052201
1822052901
1822060501
1822061201
1822061901
1822062601
1822070301
1822071001
1822071701
1822072401
1822073101
1822080701
1822081401
1822082101
1822082801
1822090401
1822091101
1822091801
1822092501
1822100201
1822100901
1822101601
1822102301
1822103001
1822110601
1822111301
1822112001
1822112701
1822120401
1822121101
1822121801
1822122501
1823010101
1823010801
1823011501
1823012201
1823012901
1823020501
1823021201
1823021901
1823022601
1823030501
1823031201
1823031901
1823032601
1823040201
1823040901
1823041601
1823042301
1823043001
1823050701
1823051401
1823052101
1823052801
1823060401
1823061101
1823061801
1823062501
1823070201
1823070901
1823071601
1823072301
1823073001
1823080601
1823081301
1823082001
1823082701
1823090301
1823091001
1823091701
1823092401
1823100101
1823100801
1823101501
1823102201
1823102901
1823110501
1823111201
1823111901
1823112601
1823120301
1823121001
1823121701
1823122401
1824010101
1824010801
1824011501
1824012201
1824012901
1824020501
1824021201
1824021901
1824022601
1824030401
1824031101
1824031801
1824032501
1824040101
1824040801
1824041501
1824042201
1824042901
1824050601
1824051301
1824052001
1824052701
1824060301
1824061001
1824061701
1824062401
1824070101
1824070801
1824071501
1824072201
1824072901
1824080501
1824081201
1824081901
1824082601
1824090201
1824090901
1824091601
1824092301
1824093001
1824100701
1824101401
1824102101
1824102801
1824110401
1824111101
1824111801
1824112501
1824120201
1824120901
1824121601
1824122301
1825010501
1825011201
1825011901
1825012601
1825020201
1825020901
1825021601
1825022301
1825030201
1825030901
1825031601
1825032301
1825033001
1825040601
1825041301
1825042001
1825042701
1825050401
1825051101
1825051801
1825052501
1825060101
1825060801
1825061501
1825062201
1825062901
1825070601
1825071301
1825072001
1825072701
1825080301
1825081001
1825081701
1825082401
1825083101
1825090701
1825091401
1825092101
1825092801
1825100501
1825101201
1825101901
1825102601
1825110201
1825110901
1825111601
1825112301
1825113001
1825120701
1825121401
1825122101
1825122801
1826010401
1826011101
1826011801
1826012501
1826020101
1826020801
1826021501
1826022201
1826030101
1826030801
1826031501
1826032201
1826032901
1826040501
1826041201
1826041901
1826042601
1826050301
1826051001
1826051701
1826052401
1826053101
1826060701
1826061401
1826062101
1826062801
1826070501
1826071201
1826071901
1826072601
1826080201
1826080901
1826081601
1826082301
1826083001
1826090601
1826091301
1826092001
1826092701
1826100401
1826101101
1826101801
1826102501
1826110101
1826110801
1826111501
1826112201
1826112901
1826120601
1826121301
1826122001
1826122701
1827010301
1827011001
1827011701
1827012401
1827013101
1827020701
1827021401
1827022101
1827022801
1827030701
1827031401
1827032101
1827032801
1827040401
1827041101
1827041801
1827042501
1827050201
1827050901
1827051601
1827052301
1827053001
1827060601
1827061301
1827062001
1827062701
1827070401
1827071101
1827071801
1827072501
1827080101
1827080801
1827081501
1827082201
1827082901
1827090501
1827091201
1827091901
1827092601
1827100301
1827101001
1827101701
1827102401
1827103101
1827110701
1827111401
1827112101
1827112801
1827120501
1827121201
1827121901
1827122601
1828010201
1828010901
1828011601
1828012301
1828013001
1828020601
1828021301
1828022001
1828022701
1828030501
1828031201
1828031901
1828032601
1828040201
1828040901
1828041601
1828042301
1828043001
1828050701
1828051401
1828052101
1828052801
1828060401
1828061101
1828061801
1828062501
1828070201
1828070901
1828071601
1828072301
1828073001
1828080601
1828081301
1828082001
1828082701
1828090301
1828091001
1828091701
1828092401
1828100101
1828100801
1828101501
1828102201
1828102901
1828110501
1828111201
1828111901
1828112601
1828120301
1828121001
1828121701
1828122401
1829010701
1829011401
1829012101
1829012801
1829020401
1829021101
1829021801
1829022501
1829030401
1829031101
1829031801
1829032501
1829040101
1829040801
1829041501
1829042201
1829042901
1829050601
1829051301
1829052001
1829052701
1829060301
1829061001
1829061701
1829062401
1829070101
1829070801
1829071501
1829072201
1829072901
1829080501
1829081201
1829081901
1829082601
1829090201
1829090901
1829091601
1829092301
1829093001
1829100701
1829101401
1829102101
1829102801
1829110401
1829111101
1829111801
1829112501
1829120201
1829120901
1829121601
1829122301
1829123001
1830010601
1830011301
1830012001
1830012701
1830020301
1830021001
1830021701
1830022401
1830030301
1830031001
1830031701
1830032401
1830033101
1830040701
1830041401
1830042101
1830042801
1830050501
1830051201
1830051901
1830052601
1830060201
1830060901
1830061601
1830062301
1830063001
1830070701
1830071401
1830072101
1830072801
1830080401
1830081101
1830081801
1830082501
1830090101
1830090801
1830091501
1830092201
1830092901
1830100601
1830101301
1830102001
1830102701
1830110301
1830111001
1830111701
1830112401
1830120101
1830120801
1830121501
1830122201
1830122901
1831010501
1831011201
1831011901
1831012601
1831020201
1831020901
1831021601
1831022301
1831030201
1831030901
1831031601
1831032301
1831033001
1831040601
1831041301
1831042001
1831042701
1831050401
1831051101
1831051801
1831052501
1831060101
1831060801
1831061501
1831062201
1831062901
1831070601
1831071301
1831072001
1831072701
1831080301
1831081001
1831081701
1831082401
1831083101
1831090701
1831091401
1831092101
1831092801
1831100501
1831101201
1831101901
1831102601
1831110201
1831110901
1831111601
1831112301
1831113001
1831120701
1831121401
1831122101
1831122801
1832010401
1832011101
1832011801
1832012501
1832020101
1832020801
1832021501
1832022201
1832022901
1832030701
1832031401
1832032101
1832032801
1832040401
1832041101
1832041801
1832042501
1832050201
1832050901
1832051601
1832052301
1832053001
1832060601
1832061301
1832062001
1832062701
1832070401
1832071101
1832071801
1832072501
1832080101
1832080801
1832081501
1832082201
1832082901
1832090501
1832091201
1832091901
1832092601
1832100301
1832101001
1832101701
1832102401
1832103101
1832110701
1832111401
1832112101
1832112801
1832120501
1832121201
1832121901
1832122601
1833010201
1833010901
1833011601
1833012301
1833013001
1833020601
1833021301
1833022001
1833022701
1833030601
1833031301
1833032001
1833032701
1833040301
1833041001
1833041701
1833042401
1833050101
1833050801
1833051501
1833052201
1833052901
1833060501
1833061201
1833061901
1833062601
1833070301
1833071001
1833071701
1833072401
1833073101
1833080701
1833081401
1833082101
1833082801
1833090401
1833091101
1833091801
1833092501
1833100201
1833100901
1833101601
1833102301
1833103001
1833110601
1833111301
1833112001
1833112701
1833120401
1833121101
1833121801
1833122501
1834010101
1834010801
1834011501
1834012201
1834012901
1834020501
1834021201
1834021901
1834022601
1834030501
1834031201
1834031901
1834032601
1834040201
1834040901
1834041601
1834042301
1834043001
1834050701
1834051401
1834052101
1834052801
1834060401
1834061101
1834061801
1834062501
1834070201
1834070901
1834071601
1834072301
1834073001
1834080601
1834081301
1834082001
1834082701
1834090301
1834091001
1834091701
1834092401
1834100101
1834100801
1834101501
1834102201
1834102901
1834110501
1834111201
1834111901
1834112601
1834120301
1834121001
1834121701
1834122401
1835010701
1835011401
1835012101
1835012801
1835020401
1835021101
1835021801
1835022501
1835030401
1835031101
1835031801
1835032501
1835040101
1835040801
1835041501
1835042201
1835042901
1835050601
1835051301
1835052001
1835052701
1835060301
1835061001
1835061701
1835062401
1835070101
1835070801
1835071501
1835072201
1835072901
1835080501
1835081201
1835081901
1835082601
1835090201
1835090901
1835091601
1835092301
1835093001
1835100701
1835101401
1835102101
1835102801
1835110401
1835111101
1835111801
1835112501
1835120201
1835120901
1835121601
1835122301
1835123001
1836010601
1836011301
1836012001
1836012701
1836020301
1836021001
1836021701
1836022401
1836030201
1836030901
1836031601
1836032301
1836033001
1836040601
1836041301
1836042001
1836042701
1836050401
1836051101
1836051801
1836052501
1836060101
1836060801
1836061501
1836062201
1836062901
1836070601
1836071301
1836072001
1836072701
1836080301
1836081001
1836081701
1836082401
1836083101
1836090701
1836091401
1836092101
1836092801
1836100501
1836101201
1836101901
1836102601
1836110201
1836110901
1836111601
1836112301
1836113001
1836120701
1836121401
1836122101
1836122801
1837010401
1837011101
1837011801
1837012501
1837020101
1837020801
1837021501
1837022201
1837030101
1837030801
1837031501
1837032201
1837032901
1837040501
1837041201
1837041901
1837042601
1837050301
1837051001
1837051701
1837052401
1837053101
1837060701
1837061401
1837062101
1837062801
1837070501
1837071201
1837071901
1837072601
1837080201
1837080901
1837081601
1837082301
1837083001
1837090601
1837091301
1837092001
1837092701
1837100401
1837101101
1837101801
1837102501
1837110101
1837110801
1837111501
1837112201
1837112901
1837120601
1837121301
1837122001
1837122701
1838010301
1838011001
1838011701
1838012401
1838013101
1838020701
1838021401
1838022101
1838022801
1838030701
1838031401
1838032101
1838032801
1838040401
1838041101
1838041801
1838042501
1838050201
1838050901
1838051601
1838052301
1838053001
1838060601
1838061301
1838062001
1838062701
1838070401
1838071101
1838071801
1838072501
1838080101
1838080801
1838081501
1838082201
1838082901
1838090501
1838091201
1838091901
1838092601
1838100301
1838101001
1838101701
1838102401
1838103101
1838110701
1838111401
1838112101
1838112801
1838120501
1838121201
1838121901
1838122601
1839010201
1839010901
1839011601
1839012301
1839013001
1839020601
1839021301
1839022001
1839022701
1839030601
1839031301
1839032001
1839032701
1839040301
1839041001
1839041701
1839042401
1839050101
1839050801
1839051501
1839052201
1839052901
1839060501
1839061201
1839061901
1839062601
1839070301
1839071001
1839071701
1839072401
1839073101
1839080701
1839081401
1839082101
1839082801
1839090401
1839091101
1839091801
1839092501
1839100201
1839100901
1839101601
1839102301
1839103001
1839110601
1839111301
1839112001
1839112701
1839120401
1839121101
1839121801
1839122501
1840010101
1840010801
1840011501
1840012201
1840012901
1840020501
1840021201
1840021901
1840022601
1840030401
1840031101
1840031801
1840032501
1840040101
1840040801
1840041501
1840042201
1840042901
1840050601
1840051301
1840052001
1840052701
1840060301
1840061001
1840061701
1840062401
1840070101
1840070801
1840071501
1840072201
1840072901
1840080501
1840081201
1840081901
1840082601
1840090201
1840090901
1840091601
1840092301
1840093001
1840100701
1840101401
1840102101
1840102801
1840110401
1840111101
1840111801
1840112501
1840120201
1840120901
1840121601
1840122301
1841010601
1841011301
1841012001
1841012701
1841020301
1841021001
1841021701
1841022401
1841030301
1841031001
1841031701
1841032401
1841033101
1841040701
1841041401
1841042101
1841042801
1841050501
1841051201
1841051901
1841052601
1841060201
1841060901
1841061601
1841062301
1841063001
1841070701
1841071401
1841072101
1841072801
1841080401
1841081101
1841081801
1841082501
1841090101
1841090801
1841091501
1841092201
1841092901
1841100601
1841101301
1841102001
1841102701
1841110301
1841111001
1841111701
1841112401
1841120101
1841120801
1841121501
1841122201
1841122901
1842010501
1842011201
1842011901
1842012601
1842020201
1842020901
1842021601
1842022301
1842030201
1842030901
1842031601
1842032301
1842033001
1842040601
1842041301
1842042001
1842042701
1842050401
1842051101
1842051801
1842052501
1842060101
1842060801
1842061501
1842062201
1842062901
1842070601
1842071301
1842072001
1842072701
1842080301
1842081001
1842081701
1842082401
1842083101
1842090701
1842091401
1842092101
1842092801
1842100501
1842101201
1842101901
1842102601
1842110201
1842110901
1842111601
1842112301
1842113001
1842120701
1842121401
1842122101
1842122801
1843010401
1843011101
1843011801
1843012501
1843020101
1843020801
1843021501
1843022201
1843030101
1843030801
1843031501
1843032201
1843032901
1843040501
1843041201
1843041901
1843042601
1843050301
1843051001
1843051701
1843052401
1843053101
1843060701
1843061401
1843062101
1843062801
1843070501
1843071201
1843071901
1843072601
1843080201
1843080901
1843081601
1843082301
1843083001
1843090601
1843091301
1843092001
1843092701
1843100401
1843101101
1843101801
1843102501
1843110101
1843110801
1843111501
1843112201
1843112901
1843120601
1843121301
1843122001
1843122701
1844010301
1844011001
1844011701
1844012401
1844013101
1844020701
1844021401
1844022101
1844022801
1844030601
1844031301
1844032001
1844032701
1844040301
1844041001
1844041701
1844042401
1844050101
1844050801
1844051501
1844052201
1844052901
1844060501
1844061201
1844061901
1844062601
1844070301
1844071001
1844071701
1844072401
1844073101
1844080701
1844081401
1844082101
1844082801
1844090401
1844091101
1844091801
1844092501
1844100201
1844100901
1844101601
1844102301
1844103001
1844110601
1844111301
1844112001
1844112701
1844120401
1844121101
1844121801
1844122501
1845010101
1845010801
1845011501
1845012201
1845012901
1845020501
1845021201
1845021901
1845022601
1845030501
1845031201
1845031901
1845032601
1845040201
1845040901
1845041601
1845042301
1845043001
1845050701
1845051401
1845052101
1845052801
1845060401
1845061101
1845061801
1845062501
1845070201
1845070901
1845071601
1845072301
1845073001
1845080601
1845081301
1845082001
1845082701
1845090301
1845091001
1845091701
1845092401
1845100101
1845100801
1845101501
1845102201
1845102901
1845110501
1845111201
1845111901
1845112601
1845120301
1845121001
1845121701
1845123101
1846010701
1846011401
1846012101
1846012801
1846020401
1846021101
1846021801
1846022501
1846030401
1846031101
1846031801
1846032501
1846040101
1846040801
1846041501
1846042201
1846042901
1846050601
1846051301
1846052001
1846052701
1846060301
1846061001
1846061701
1846062401
1846070101
1846070801
1846071501
1846072201
1846072901
1846080501
1846081201
1846081901
1846082601
1846090201
1846090901
1846091601
1846092301
1846093001
1846100701
1846101401
1846102101
1846102801
1846110401
1846111101
1846111801
1846112501
1846120201
1846120901
1846121601
1846122301
1846123001
1847010601
1847011301
1847012001
1847012701
1847020301
1847021001
1847021701
1847022401
1847030301
1847031001
1847031701
1847032401
1847033101
1847040701
1847041401
1847042101
1847042801
1847050501
1847051201
1847051901
1847052601
1847060201
1847060901
1847061601
1847062301
1847063001
1847070701
1847071401
1847072101
1847072801
1847080401
1847081101
1847081801
1847082501
1847090101
1847090801
1847091501
1847092201
1847092901
1847100601
1847101301
1847102001
1847102701
1847110301
1847111001
1847111701
1847112401
1847120101
1847120801
1847121501
1847122201
1847122901
1848010501
1848011201
1848011901
1848012601
1848020201
1848020901
1848021601
1848022301
1848030101
1848030801
1848031501
1848032201
1848032901
1848040501
1848041201
1848041901
1848042601
1848050301
1848051001
1848051701
1848052401
1848053101
1848060701
1848061401
1848062101
1848062801
1848070501
1848071201
1848071901
1848072601
1848080201
1848080901
1848081601
1848082301
1848083001
1848090601
1848091301
1848092001
1848092701
1848100401
1848101101
1848101801
1848102501
1848110101
1848110801
1848111501
1848112201
1848112901
1848120601
1848121301
1848122001
1848122701
1863010701
1863011401
1863012101
1863012801
1863020401
1863021101
1863021801
1863022501
1863030401
1863031101
1863031801
1863032501
1863040101
1863040801
1863041501
1863042201
1863042901
1863050601
1863051301
1863052001
1863052701
1863060301
1863061001
1863061701
1863062401
1863070101
1863070801
1863071501
1863072201
1863072901
1863080501
1863081201
1863081901
1863082601
1863090201
1863090901
1863091601
1863092301
1863093001
1863100701
1863101401
1863102101
1863102801
1863110401
1863111101
1863111801
1863112501
1863120201
1863120901
1863121601
1863122301
1863123001
1864010601
1864011301
1864012001
1864012701
1864020301
1864021001
1864021701
1864022401
1864030201
1864030901
1864031601
1864032301
1864033001
1864040601
1864041301
1864042001
1864042701
1864050401
1864051101
1864051801
1864052501
1864060101
1864060801
1864061501
1864062201
1864062901
1864070601
1864071301
1864072001
1864072701
1864080301
1864081001
1864081701
1864082401
1864083101
1864090701
1864091401
1864092101
1864092801
1864100501
1864101201
1864101901
1864102601
1864110201
1864110901
1864111601
1864112301
1864113001
1864120701
1864121401
1864122101
1864122801
1865010401
1865011101
1865011801
1865012501
1865020101
1865020801
1865021501
1865022201
1865030101
1865030801
1865031501
1865032201
1865032901
1865040501
1865041201
1865041901
1865042601
1865050301
1865051001
1865051701
1865052401
1865053101
1865060701
1865061401
1865062101
1865062801
1865070501
1865071201
1865071901
1865072601
1865080201
1865080901
1865081601
1865082301
1865083001
1865090601
1865091301
1865092001
1865092701
1865100401
1865101101
1865101801
1865102501
1865110101
1865110801
1865111501
1865112201
1865112901
1865120601
1865121301
1865122001
1865122701
